780
500
[207,5,9,12,895,128,233,993]
[214,10,16,20,890,129,234,986]
[221,15,23,28,885,130,235,979]
[228,20,30,36,880,131,236,972]
[235,25,37,44,875,132,237,965]
[242,30,44,52,870,133,238,958]
[249,35,51,60,865,134,239,951]
[256,40,58,68,860,135,240,944]
[263,45,65,76,855,136,241,937]
[270,50,72,84,850,137,242,930]
[277,55,79,92,845,138,243,923]
[284,60,86,100,840,139,244,916]
[291,65,93,108,835,140,245,909]
[298,70,100,116,830,141,246,902]
[305,75,107,124,825,142,247,895]
[312,80,114,132,820,143,248,888]
[319,85,121,140,815,144,249,881]
[326,90,128,148,810,145,250,874]
[333,95,135,156,805,146,251,867]
[340,100,142,164,800,147,252,860]
[347,105,149,172,795,148,253,853]
[354,110,156,180,790,149,254,846]
[361,115,163,188,785,150,255,839]
[368,120,170,196,780,151,256,832]
[375,125,177,204,775,152,257,825]
[382,130,184,212,770,153,258,818]
[389,135,191,220,765,154,259,811]
[396,140,198,228,760,155,260,804]
[403,145,205,236,755,156,261,797]
[410,150,212,244,750,157,262,790]
[417,155,219,252,745,158,263,783]
[424,160,226,260,740,159,264,776]
[431,165,233,268,735,160,265,769]
[438,170,240,276,730,161,266,762]
[445,175,247,284,725,162,267,755]
[452,180,254,292,720,163,268,748]
[459,185,261,300,715,164,269,741]
[466,190,268,308,710,165,270,734]
[473,195,275,316,705,166,271,727]
[480,200,282,324,700,167,272,720]
[487,205,289,332,695,168,273,713]
[494,210,296,340,690,169,274,706]
[501,215,303,348,685,170,275,699]
[508,220,310,356,680,171,276,692]
[515,225,317,364,675,172,277,685]
[522,230,324,372,670,173,278,678]
[529,235,331,380,665,174,279,671]
[536,240,338,388,660,175,280,664]
[543,245,345,396,655,176,281,657]
[550,250,352,404,650,177,282,650]
[557,255,359,412,645,178,283,643]
[564,260,366,420,640,179,284,636]
[571,265,373,428,635,180,285,629]
[578,270,380,436,630,181,286,622]
[585,275,387,444,625,182,287,615]
[592,280,394,452,620,183,288,608]
[599,285,401,460,615,184,289,601]
[606,290,408,468,610,185,290,594]
[613,295,415,476,605,186,291,587]
[620,300,422,484,600,187,292,580]
[627,305,429,492,595,188,293,573]
[634,310,436,500,590,189,294,566]
[641,315,443,508,585,190,295,559]
[648,320,450,516,580,191,296,552]
[655,325,457,524,575,192,297,545]
[662,330,464,532,570,193,298,538]
[669,335,471,540,565,194,299,531]
[676,340,478,548,560,195,300,524]
[683,345,485,556,555,196,301,517]
[690,350,492,564,550,197,302,510]
[697,355,499,572,545,198,303,503]
[704,360,506,580,540,199,304,496]
[711,365,513,588,535,200,305,489]
[718,370,520,596,530,201,306,482]
[725,375,527,604,525,202,307,475]
[732,380,534,612,520,203,308,468]
[739,385,541,620,515,204,309,461]
[746,390,548,628,510,205,310,454]
[753,395,555,636,505,206,311,447]
[760,400,562,644,500,207,312,440]
[767,405,569,652,495,208,313,433]
[774,410,576,660,490,209,314,426]
[781,415,583,668,485,210,315,419]
[788,420,590,676,480,211,316,412]
[795,425,597,684,475,212,317,405]
[802,430,604,692,470,213,318,398]
[809,435,611,700,465,214,319,391]
[816,440,618,708,460,215,320,384]
[823,445,625,716,455,216,321,377]
[830,450,632,724,450,217,322,370]
[837,455,639,732,445,218,323,363]
[844,460,646,740,440,219,324,356]
[851,465,653,748,435,220,325,349]
[858,470,660,756,430,221,326,342]
[865,475,667,764,425,222,327,335]
[872,480,674,772,420,223,328,328]
[879,485,681,780,415,224,329,321]
[886,490,688,788,410,225,330,314]
[893,495,695,796,405,226,331,307]
[41,31,40]
[67,41,77]
[93,51,114]
[119,61,151]
[145,71,188]
[171,81,225]
[197,91,262]
[223,101,299]
[249,111,336]
[275,121,373]
[301,131,410]
[327,141,447]
[353,151,484]
[379,161,521]
[405,171,558]
[431,181,595]
[457,191,632]
[483,201,669]
[509,211,706]
[46,38,41]
[72,48,78]
[98,58,115]
[124,68,152]
[150,78,189]
[176,88,226]
[202,98,263]
[228,108,300]
[254,118,337]
[280,128,374]
[306,138,411]
[332,148,448]
[358,158,485]
[384,168,522]
[410,178,559]
[436,188,596]
[462,198,633]
[488,208,670]
[514,218,707]
[51,45,42]
[77,55,79]
[103,65,116]
[129,75,153]
[155,85,190]
[181,95,227]
[207,105,264]
[233,115,301]
[259,125,338]
[285,135,375]
[311,145,412]
[337,155,449]
[363,165,486]
[389,175,523]
[415,185,560]
[441,195,597]
[467,205,634]
[493,215,671]
[519,225,708]
[56,52,43]
[82,62,80]
[108,72,117]
[134,82,154]
[160,92,191]
[186,102,228]
[212,112,265]
[238,122,302]
[264,132,339]
[290,142,376]
[316,152,413]
[342,162,450]
[368,172,487]
[394,182,524]
[420,192,561]
[446,202,598]
[472,212,635]
[498,222,672]
[524,232,709]
[61,59,44]
[87,69,81]
[113,79,118]
[139,89,155]
[165,99,192]
[191,109,229]
[217,119,266]
[243,129,303]
[269,139,340]
[295,149,377]
[321,159,414]
[347,169,451]
[373,179,488]
[399,189,525]
[425,199,562]
[451,209,599]
[477,219,636]
[503,229,673]
[529,239,710]
[66,66,45]
[92,76,82]
[118,86,119]
[144,96,156]
[170,106,193]
[196,116,230]
[222,126,267]
[248,136,304]
[274,146,341]
[300,156,378]
[326,166,415]
[352,176,452]
[378,186,489]
[404,196,526]
[430,206,563]
[456,216,600]
[482,226,637]
[508,236,674]
[534,246,711]
[71,73,46]
[97,83,83]
[123,93,120]
[149,103,157]
[175,113,194]
[201,123,231]
[227,133,268]
[253,143,305]
[279,153,342]
[305,163,379]
[331,173,416]
[357,183,453]
[383,193,490]
[409,203,527]
[435,213,564]
[461,223,601]
[487,233,638]
[513,243,675]
[539,253,712]
[76,80,47]
[102,90,84]
[128,100,121]
[154,110,158]
[180,120,195]
[206,130,232]
[232,140,269]
[258,150,306]
[284,160,343]
[310,170,380]
[336,180,417]
[362,190,454]
[388,200,491]
[414,210,528]
[440,220,565]
[466,230,602]
[492,240,639]
[518,250,676]
[544,260,713]
[81,87,48]
[107,97,85]
[133,107,122]
[159,117,159]
[185,127,196]
[211,137,233]
[237,147,270]
[263,157,307]
[289,167,344]
[315,177,381]
[341,187,418]
[367,197,455]
[393,207,492]
[419,217,529]
[445,227,566]
[471,237,603]
[497,247,640]
[523,257,677]
[549,267,714]
[86,94,49]
[112,104,86]
[138,114,123]
[164,124,160]
[190,134,197]
[216,144,234]
[242,154,271]
[268,164,308]
[294,174,345]
[320,184,382]
[346,194,419]
[372,204,456]
[398,214,493]
[424,224,530]
[450,234,567]
[476,244,604]
[502,254,641]
[528,264,678]
[554,274,715]
[91,101,50]
[117,111,87]
[143,121,124]
[169,131,161]
[195,141,198]
[221,151,235]
[247,161,272]
[273,171,309]
[299,181,346]
[325,191,383]
[351,201,420]
[377,211,457]
[403,221,494]
[429,231,531]
[455,241,568]
[481,251,605]
[507,261,642]
[533,271,679]
[559,281,716]
[96,108,51]
[122,118,88]
[148,128,125]
[174,138,162]
[200,148,199]
[226,158,236]
[252,168,273]
[278,178,310]
[304,188,347]
[330,198,384]
[356,208,421]
[382,218,458]
[408,228,495]
[434,238,532]
[460,248,569]
[486,258,606]
[512,268,643]
[538,278,680]
[564,288,717]
[101,115,52]
[127,125,89]
[153,135,126]
[179,145,163]
[205,155,200]
[231,165,237]
[257,175,274]
[283,185,311]
[309,195,348]
[335,205,385]
[361,215,422]
[387,225,459]
[413,235,496]
[439,245,533]
[465,255,570]
[491,265,607]
[517,275,644]
[543,285,681]
[569,295,718]
[106,122,53]
[132,132,90]
[158,142,127]
[184,152,164]
[210,162,201]
[236,172,238]
[262,182,275]
[288,192,312]
[314,202,349]
[340,212,386]
[366,222,423]
[392,232,460]
[418,242,497]
[444,252,534]
[470,262,571]
[496,272,608]
[522,282,645]
[548,292,682]
[574,302,719]
[111,129,54]
[137,139,91]
[163,149,128]
[189,159,165]
[215,169,202]
[241,179,239]
[267,189,276]
[293,199,313]
[319,209,350]
[345,219,387]
[371,229,424]
[397,239,461]
[423,249,498]
[449,259,535]
[475,269,572]
[501,279,609]
[527,289,646]
[553,299,683]
[579,309,720]
[116,136,55]
[142,146,92]
[168,156,129]
[194,166,166]
[220,176,203]
[246,186,240]
[272,196,277]
[298,206,314]
[324,216,351]
[350,226,388]
[376,236,425]
[402,246,462]
[428,256,499]
[454,266,536]
[480,276,573]
[506,286,610]
[532,296,647]
[558,306,684]
[584,316,721]
[121,143,56]
[147,153,93]
[173,163,130]
[199,173,167]
[225,183,204]
[251,193,241]
[277,203,278]
[303,213,315]
[329,223,352]
[355,233,389]
[381,243,426]
[407,253,463]
[433,263,500]
[459,273,537]
[485,283,574]
[511,293,611]
[537,303,648]
[563,313,685]
[589,323,722]
[126,150,57]
[152,160,94]
[178,170,131]
[204,180,168]
[230,190,205]
[256,200,242]
[282,210,279]
[308,220,316]
[334,230,353]
[360,240,390]
[386,250,427]
[412,260,464]
[438,270,501]
[464,280,538]
[490,290,575]
[516,300,612]
[542,310,649]
[568,320,686]
[594,330,723]
[131,157,58]
[157,167,95]
[183,177,132]
[209,187,169]
[235,197,206]
[261,207,243]
[287,217,280]
[313,227,317]
[339,237,354]
[365,247,391]
[391,257,428]
[417,267,465]
[443,277,502]
[469,287,539]
[495,297,576]
[521,307,613]
[547,317,650]
[573,327,687]
[599,337,724]
[136,164,59]
[162,174,96]
[188,184,133]
[214,194,170]
[240,204,207]
[266,214,244]
[292,224,281]
[318,234,318]
[344,244,355]
[370,254,392]
[396,264,429]
[422,274,466]
[448,284,503]
[474,294,540]
[500,304,577]
[526,314,614]
[552,324,651]
[578,334,688]
[604,344,725]
[141,171,60]
[167,181,97]
[193,191,134]
[219,201,171]
[245,211,208]
[271,221,245]
[297,231,282]
[323,241,319]
[349,251,356]
[375,261,393]
[401,271,430]
[427,281,467]
[453,291,504]
[479,301,541]
[505,311,578]
[531,321,615]
[557,331,652]
[583,341,689]
[609,351,726]
[146,178,61]
[172,188,98]
[198,198,135]
[224,208,172]
[250,218,209]
[276,228,246]
[302,238,283]
[328,248,320]
[354,258,357]
[380,268,394]
[406,278,431]
[432,288,468]
[458,298,505]
[484,308,542]
[510,318,579]
[536,328,616]
[562,338,653]
[588,348,690]
[614,358,727]
[151,185,62]
[177,195,99]
[203,205,136]
[229,215,173]
[255,225,210]
[281,235,247]
[307,245,284]
[333,255,321]
[359,265,358]
[385,275,395]
[411,285,432]
[437,295,469]
[463,305,506]
[489,315,543]
[515,325,580]
[541,335,617]
[567,345,654]
[593,355,691]
[619,365,728]
[156,192,63]
[182,202,100]
[208,212,137]
[234,222,174]
[260,232,211]
[286,242,248]
[312,252,285]
[338,262,322]
[364,272,359]
[390,282,396]
[416,292,433]
[442,302,470]
[468,312,507]
[494,322,544]
[520,332,581]
[546,342,618]
[572,352,655]
[598,362,692]
[624,372,729]
[161,199,64]
[187,209,101]
[213,219,138]
[239,229,175]
[265,239,212]
[291,249,249]
[317,259,286]
[343,269,323]
[369,279,360]
[395,289,397]
[421,299,434]
[447,309,471]
[473,319,508]
[499,329,545]
[525,339,582]
[551,349,619]
[577,359,656]
[603,369,693]
[629,379,730]
[166,206,65]
[192,216,102]
[218,226,139]
[244,236,176]
[270,246,213]
[296,256,250]
[322,266,287]
[348,276,324]
[374,286,361]
[400,296,398]
[426,306,435]
[452,316,472]
[478,326,509]
[504,336,546]
[530,346,583]
[556,356,620]
[582,366,657]
[608,376,694]
[634,386,731]
[171,213,66]
[197,223,103]
[223,233,140]
[249,243,177]
[275,253,214]
[301,263,251]
[327,273,288]
[353,283,325]
[379,293,362]
[405,303,399]
[431,313,436]
[457,323,473]
[483,333,510]
[509,343,547]
[535,353,584]
[561,363,621]
[587,373,658]
[613,383,695]
[639,393,732]
[176,220,67]
[202,230,104]
[228,240,141]
[254,250,178]
[280,260,215]
[306,270,252]
[332,280,289]
[358,290,326]
[384,300,363]
[410,310,400]
[436,320,437]
[462,330,474]
[488,340,511]
[514,350,548]
[540,360,585]
[566,370,622]
[592,380,659]
[618,390,696]
[644,400,733]
[181,227,68]
[207,237,105]
[233,247,142]
[259,257,179]
[285,267,216]
[311,277,253]
[337,287,290]
[363,297,327]
[389,307,364]
[415,317,401]
[441,327,438]
[467,337,475]
[493,347,512]
[519,357,549]
[545,367,586]
[571,377,623]
[597,387,660]
[623,397,697]
[649,407,734]
[186,234,69]
[212,244,106]
[238,254,143]
[264,264,180]
[290,274,217]
[316,284,254]
[342,294,291]
[368,304,328]
[394,314,365]
[420,324,402]
[446,334,439]
[472,344,476]
[498,354,513]
[524,364,550]
[550,374,587]
[576,384,624]
[602,394,661]
[628,404,698]
[654,414,735]
[191,241,70]
[217,251,107]
[243,261,144]
[269,271,181]
[295,281,218]
[321,291,255]
[347,301,292]
[373,311,329]
[399,321,366]
[425,331,403]
[451,341,440]
[477,351,477]
[503,361,514]
[529,371,551]
[555,381,588]
[581,391,625]
[607,401,662]
[633,411,699]
[659,421,736]
[196,248,71]
[222,258,108]
[248,268,145]
[274,278,182]
[300,288,219]
[326,298,256]
[352,308,293]
[378,318,330]
[404,328,367]
[430,338,404]
[456,348,441]
[482,358,478]
[508,368,515]
[534,378,552]
[560,388,589]
[586,398,626]
[612,408,663]
[638,418,700]
[664,428,737]
[201,255,72]
[227,265,109]
[253,275,146]
[279,285,183]
[305,295,220]
[331,305,257]
[357,315,294]
[383,325,331]
[409,335,368]
[435,345,405]
[461,355,442]
[487,365,479]
[513,375,516]
[539,385,553]
[565,395,590]
[591,405,627]
[617,415,664]
[643,425,701]
[669,435,738]
[206,262,73]
[232,272,110]
[258,282,147]
[284,292,184]
[310,302,221]
[336,312,258]
[362,322,295]
[388,332,332]
[414,342,369]
[440,352,406]
[466,362,443]
[492,372,480]
[518,382,517]
[544,392,554]
[570,402,591]
[596,412,628]
[622,422,665]
[648,432,702]
[674,442,739]
[211,269,74]
[237,279,111]
[263,289,148]
[289,299,185]
[315,309,222]
[341,319,259]
[367,329,296]
[393,339,333]
[419,349,370]
[445,359,407]
[471,369,444]
[497,379,481]
[523,389,518]
[549,399,555]
[575,409,592]
[601,419,629]
[627,429,666]
[653,439,703]
[679,449,740]
[216,276,75]
[242,286,112]
[268,296,149]
[294,306,186]
[320,316,223]
[346,326,260]
[372,336,297]
[398,346,334]
[424,356,371]
[450,366,408]
[476,376,445]
[502,386,482]
[528,396,519]
[554,406,556]
[580,416,593]
[606,426,630]
[632,436,667]
[658,446,704]
[684,456,741]
[221,283,76]
[247,293,113]
[273,303,150]
[299,313,187]
[325,323,224]
[351,333,261]
[377,343,298]
[403,353,335]
[429,363,372]
[455,373,409]
[481,383,446]
[507,393,483]
[533,403,520]
[559,413,557]
[585,423,594]
[611,433,631]
[637,443,668]
[663,453,705]
[689,463,742]
[226,290,77]
[252,300,114]
[278,310,151]
[304,320,188]
[330,330,225]
[356,340,262]
[382,350,299]
[408,360,336]
[434,370,373]
[460,380,410]
[486,390,447]
[512,400,484]
[538,410,521]
[564,420,558]
[590,430,595]
[616,440,632]
[642,450,669]
[668,460,706]
[694,470,743]
[231,297,78]
[257,307,115]
[283,317,152]
[309,327,189]
[335,337,226]
[361,347,263]
[387,357,300]
[413,367,337]
[439,377,374]
[465,387,411]
[491,397,448]
[517,407,485]
[543,417,522]
[569,427,559]
[595,437,596]
[621,447,633]
[647,457,670]
[673,467,707]
[699,477,744]
[236,304,79]
[262,314,116]
[288,324,153]
[314,334,190]
[340,344,227]
[366,354,264]
[392,364,301]
[418,374,338]
[444,384,375]
[470,394,412]
[496,404,449]
[522,414,486]
[548,424,523]
[574,434,560]
[600,444,597]
[626,454,634]
[652,464,671]
[678,474,708]
[704,484,745]
[241,311,80]
[267,321,117]
[293,331,154]
[319,341,191]
[345,351,228]
[371,361,265]
[397,371,302]
[423,381,339]
[449,391,376]
[475,401,413]
[501,411,450]
[527,421,487]
[553,431,524]
[579,441,561]
[605,451,598]
[631,461,635]
[657,471,672]
[683,481,709]
[709,491,746]
[246,318,81]
[272,328,118]
[298,338,155]
[324,348,192]
[350,358,229]
[376,368,266]
[402,378,303]
[428,388,340]
[454,398,377]
[480,408,414]
[506,418,451]
[532,428,488]
[558,438,525]
[584,448,562]
[610,458,599]
[636,468,636]
[662,478,673]
[688,488,710]
[714,498,747]
[251,325,82]
[277,335,119]
[303,345,156]
[329,355,193]
[355,365,230]
[381,375,267]
[407,385,304]
[433,395,341]
[459,405,378]
[485,415,415]
[511,425,452]
[537,435,489]
[563,445,526]
[589,455,563]
[615,465,600]
[641,475,637]
[667,485,674]
[693,495,711]
[719,505,748]
[256,332,83]
[282,342,120]
[308,352,157]
[334,362,194]
[360,372,231]
[386,382,268]
[412,392,305]
[438,402,342]
[464,412,379]
[490,422,416]
[516,432,453]
[542,442,490]
[568,452,527]
[594,462,564]
[620,472,601]
[646,482,638]
[672,492,675]
[698,502,712]
[724,512,749]
[261,339,84]
[287,349,121]
[313,359,158]
[339,369,195]
[365,379,232]
[391,389,269]
[417,399,306]
[443,409,343]
[469,419,380]
[495,429,417]
[521,439,454]
[547,449,491]
[573,459,528]
[599,469,565]
[625,479,602]
[651,489,639]
[677,499,676]
[703,509,713]
[729,519,750]
[266,346,85]
[292,356,122]
[318,366,159]
[344,376,196]
[370,386,233]
[396,396,270]
[422,406,307]
[448,416,344]
[474,426,381]
[500,436,418]
[526,446,455]
[552,456,492]
[578,466,529]
[604,476,566]
[630,486,603]
[656,496,640]
[682,506,677]
[708,516,714]
[734,526,751]
[271,353,86]
[297,363,123]
[323,373,160]
[349,383,197]
[375,393,234]
[401,403,271]
[427,413,308]
[453,423,345]
[479,433,382]
[505,443,419]
[531,453,456]
[557,463,493]
[583,473,530]
[609,483,567]
[635,493,604]
[661,503,641]
[687,513,678]
[713,523,715]
[739,533,752]
[276,360,87]
[302,370,124]
[328,380,161]
[354,390,198]
[380,400,235]
[406,410,272]
[432,420,309]
[458,430,346]
[484,440,383]
[510,450,420]
[536,460,457]
[562,470,494]
[588,480,531]
[614,490,568]
[640,500,605]
[666,510,642]
[692,520,679]
[718,530,716]
[744,540,753]
[281,367,88]
[307,377,125]
[333,387,162]
[359,397,199]
[385,407,236]
[411,417,273]
[437,427,310]
[463,437,347]
[489,447,384]
[515,457,421]
[541,467,458]
[567,477,495]
[593,487,532]
[619,497,569]
[645,507,606]
[671,517,643]
[697,527,680]
[723,537,717]
[749,547,754]
[286,374,89]
[312,384,126]
[338,394,163]
[364,404,200]
[390,414,237]
[416,424,274]
[442,434,311]
[468,444,348]
[494,454,385]
[520,464,422]
[546,474,459]
[572,484,496]
[598,494,533]
[624,504,570]
[650,514,607]
[676,524,644]
[702,534,681]
[728,544,718]
[754,554,755]
[291,381,90]
[317,391,127]
[343,401,164]
[369,411,201]
[395,421,238]
[421,431,275]
[447,441,312]
[473,451,349]
[499,461,386]
[525,471,423]
[551,481,460]
[577,491,497]
[603,501,534]
[629,511,571]
[655,521,608]
[681,531,645]
[707,541,682]
[733,551,719]
[759,561,756]
[296,388,91]
[322,398,128]
[348,408,165]
[374,418,202]
[400,428,239]
[426,438,276]
[452,448,313]
[478,458,350]
[504,468,387]
[530,478,424]
[556,488,461]
[582,498,498]
[608,508,535]
[634,518,572]
[660,528,609]
[686,538,646]
[712,548,683]
[738,558,720]
[764,568,757]
[301,395,92]
[327,405,129]
[353,415,166]
[379,425,203]
[405,435,240]
[431,445,277]
[457,455,314]
[483,465,351]
[509,475,388]
[535,485,425]
[561,495,462]
[587,505,499]
[613,515,536]
[639,525,573]
[665,535,610]
[691,545,647]
[717,555,684]
[743,565,721]
[769,575,758]
[306,402,93]
[332,412,130]
[358,422,167]
[384,432,204]
[410,442,241]
[436,452,278]
[462,462,315]
[488,472,352]
[514,482,389]
[540,492,426]
[566,502,463]
[592,512,500]
[618,522,537]
[644,532,574]
[670,542,611]
[696,552,648]
[722,562,685]
[748,572,722]
[774,582,759]
[311,409,94]
[337,419,131]
[363,429,168]
[389,439,205]
[415,449,242]
[441,459,279]
[467,469,316]
[493,479,353]
[519,489,390]
[545,499,427]
[571,509,464]
[597,519,501]
[623,529,538]
[649,539,575]
[675,549,612]
[701,559,649]
[727,569,686]
[753,579,723]
[779,589,760]
[316,416,95]
[342,426,132]
[368,436,169]
[394,446,206]
[420,456,243]
[446,466,280]
[472,476,317]
[498,486,354]
[524,496,391]
[550,506,428]
[576,516,465]
[602,526,502]
[628,536,539]
[654,546,576]
[680,556,613]
[706,566,650]
[732,576,687]
[758,586,724]
[784,596,761]
[321,423,96]
[347,433,133]
[373,443,170]
[399,453,207]
[425,463,244]
[451,473,281]
[477,483,318]
[503,493,355]
[529,503,392]
[555,513,429]
[581,523,466]
[607,533,503]
[633,543,540]
[659,553,577]
[685,563,614]
[711,573,651]
[737,583,688]
[763,593,725]
[789,603,762]
[326,430,97]
[352,440,134]
[378,450,171]
[404,460,208]
[430,470,245]
[456,480,282]
[482,490,319]
[508,500,356]
[534,510,393]
[560,520,430]
[586,530,467]
[612,540,504]
[638,550,541]
[664,560,578]
[690,570,615]
[716,580,652]
[742,590,689]
[768,600,726]
[794,610,763]
[331,437,98]
[357,447,135]
[383,457,172]
[409,467,209]
[435,477,246]
[461,487,283]
[487,497,320]
[513,507,357]
[539,517,394]
[565,527,431]
[591,537,468]
[617,547,505]
[643,557,542]
[669,567,579]
[695,577,616]
[721,587,653]
[747,597,690]
[773,607,727]
[799,617,764]
[336,444,99]
[362,454,136]
[388,464,173]
[414,474,210]
[440,484,247]
[466,494,284]
[492,504,321]
[518,514,358]
[544,524,395]
[570,534,432]
[596,544,469]
[622,554,506]
[648,564,543]
[674,574,580]
[700,584,617]
[726,594,654]
[752,604,691]
[778,614,728]
[804,624,765]
[341,451,100]
[367,461,137]
[393,471,174]
[419,481,211]
[445,491,248]
[471,501,285]
[497,511,322]
[523,521,359]
[549,531,396]
[575,541,433]
[601,551,470]
[627,561,507]
[653,571,544]
[679,581,581]
[705,591,618]
[731,601,655]
[757,611,692]
[783,621,729]
[809,631,766]
[346,458,101]
[372,468,138]
[398,478,175]
[424,488,212]
[450,498,249]
[476,508,286]
[502,518,323]
[528,528,360]
[554,538,397]
[580,548,434]
[606,558,471]
[632,568,508]
[658,578,545]
[684,588,582]
[710,598,619]
[736,608,656]
[762,618,693]
[788,628,730]
[814,638,767]
[351,465,102]
[377,475,139]
[403,485,176]
[429,495,213]
[455,505,250]
[481,515,287]
[507,525,324]
[533,535,361]
[559,545,398]
[585,555,435]
[611,565,472]
[637,575,509]
[663,585,546]
[689,595,583]
[715,605,620]
[741,615,657]
[767,625,694]
[793,635,731]
[819,645,768]
[356,472,103]
[382,482,140]
[408,492,177]
[434,502,214]
[460,512,251]
[486,522,288]
[512,532,325]
[538,542,362]
[564,552,399]
[590,562,436]
[616,572,473]
[642,582,510]
[668,592,547]
[694,602,584]
[720,612,621]
[746,622,658]
[772,632,695]
[798,642,732]
[824,652,769]
[361,479,104]
[387,489,141]
[413,499,178]
[439,509,215]
[465,519,252]
[491,529,289]
[517,539,326]
[543,549,363]
[569,559,400]
[595,569,437]
[621,579,474]
[647,589,511]
[673,599,548]
[699,609,585]
[725,619,622]
[751,629,659]
[777,639,696]
[803,649,733]
[829,659,770]
[366,486,105]
[392,496,142]
[418,506,179]
[444,516,216]
[470,526,253]
[496,536,290]
[522,546,327]
[548,556,364]
[574,566,401]
[600,576,438]
[626,586,475]
[652,596,512]
[678,606,549]
[704,616,586]
[730,626,623]
[756,636,660]
[782,646,697]
[808,656,734]
[834,666,771]
[371,493,106]
[397,503,143]
[423,513,180]
[449,523,217]
[475,533,254]
[501,543,291]
[527,553,328]
[553,563,365]
[579,573,402]
[605,583,439]
[631,593,476]
[657,603,513]
[683,613,550]
[709,623,587]
[735,633,624]
[761,643,661]
[787,653,698]
[813,663,735]
[839,673,772]
[376,500,107]
[402,510,144]
[428,520,181]
[454,530,218]
[480,540,255]
[506,550,292]
[532,560,329]
[558,570,366]
[584,580,403]
[610,590,440]
[636,600,477]
[662,610,514]
[688,620,551]
[714,630,588]
[740,640,625]
[766,650,662]
[792,660,699]
[818,670,736]
[844,680,773]
[381,507,108]
[407,517,145]
[433,527,182]
[459,537,219]
[485,547,256]
[511,557,293]
[537,567,330]
[563,577,367]
[589,587,404]
[615,597,441]
[641,607,478]
[667,617,515]
[693,627,552]
[719,637,589]
[745,647,626]
[771,657,663]
[797,667,700]
[823,677,737]
[849,687,774]
[386,514,109]
[412,524,146]
[438,534,183]
[464,544,220]
[490,554,257]
[516,564,294]
[542,574,331]
[568,584,368]
[594,594,405]
[620,604,442]
[646,614,479]
[672,624,516]
[698,634,553]
[724,644,590]
[750,654,627]
[776,664,664]
[802,674,701]
[828,684,738]
[854,694,775]
[391,521,110]
[417,531,147]
[443,541,184]
[469,551,221]
[495,561,258]
[521,571,295]
[547,581,332]
[573,591,369]
[599,601,406]
[625,611,443]
[651,621,480]
[677,631,517]
[703,641,554]
[729,651,591]
[755,661,628]
[781,671,665]
[807,681,702]
[833,691,739]
[859,701,776]
[396,528,111]
[422,538,148]
[448,548,185]
[474,558,222]
[500,568,259]
[526,578,296]
[552,588,333]
[578,598,370]
[604,608,407]
[630,618,444]
[656,628,481]
[682,638,518]
[708,648,555]
[734,658,592]
[760,668,629]
[786,678,666]
[812,688,703]
[838,698,740]
[864,708,777]
[401,535,112]
[427,545,149]
[453,555,186]
[479,565,223]
[505,575,260]
[531,585,297]
[557,595,334]
[583,605,371]
[609,615,408]
[635,625,445]
[661,635,482]
[687,645,519]
[713,655,556]
[739,665,593]
[765,675,630]
[791,685,667]
[817,695,704]
[843,705,741]
[869,715,778]
[406,542,113]
[432,552,150]
[458,562,187]
[484,572,224]
[510,582,261]
[536,592,298]
[562,602,335]
[588,612,372]
[614,622,409]
[640,632,446]
[666,642,483]
[692,652,520]
[718,662,557]
[744,672,594]
[770,682,631]
[796,692,668]
[822,702,705]
[848,712,742]
[874,722,779]
[411,549,114]
[437,559,151]
[463,569,188]
[489,579,225]
[515,589,262]
[541,599,299]
[567,609,336]
[593,619,373]
[619,629,410]
[645,639,447]
[671,649,484]
[697,659,521]
[723,669,558]
[749,679,595]
[775,689,632]
[801,699,669]
[827,709,706]
[853,719,743]
[879,729,780]
[416,556,115]
[442,566,152]
[468,576,189]
[494,586,226]
[520,596,263]
[546,606,300]
[572,616,337]
[598,626,374]
[624,636,411]
[650,646,448]
[676,656,485]
[702,666,522]
[728,676,559]
[754,686,596]
[780,696,633]
[806,706,670]
[832,716,707]
[858,726,744]
[884,736,781]
[421,563,116]
[447,573,153]
[473,583,190]
[499,593,227]
[525,603,264]
[551,613,301]
[577,623,338]
[603,633,375]
[629,643,412]
[655,653,449]
[681,663,486]
[707,673,523]
[733,683,560]
[759,693,597]
[785,703,634]
[811,713,671]
[837,723,708]
[863,733,745]
[889,743,782]
